# tau_fs It_norm phiet_rel_rad
-3.0535065600e+02 2.3910744274e-23 -1.5725317243e+01
-3.0296510400e+02 2.8219724231e-23 -1.5301489830e+01
-3.0057955200e+02 3.3977676001e-23 -1.4930251580e+01
-2.9819400000e+02 3.8901464053e-23 -1.4585495996e+01
-2.9580844800e+02 4.1760947184e-23 -1.4230888473e+01
-2.9342289600e+02 4.3682954160e-23 -1.3838445700e+01
-2.9103734400e+02 4.7672457368e-23 -1.3416775621e+01
-2.8865179200e+02 5.3830263364e-23 -1.3021641392e+01
-2.8626624000e+02 5.2411628195e-23 -1.2706400352e+01
-2.8388068800e+02 2.7577836445e-23 -1.2508960486e+01
-2.8149513600e+02 1.2740805097e-24 -1.4310714261e+01
-2.7910958400e+02 1.5287551002e-22 -1.5044257833e+01
-2.7672403200e+02 1.0008935388e-21 -1.4954802415e+01
-2.7433848000e+02 3.4846022777e-21 -1.4848565758e+01
-2.7195292800e+02 8.6101692569e-21 -1.4743790473e+01
-2.6956737600e+02 1.6432371641e-20 -1.4639591843e+01
-2.6718182400e+02 2.4855654813e-20 -1.4529771372e+01
-2.6479627200e+02 2.9709940011e-20 -1.4401353308e+01
-2.6241072000e+02 2.7433292332e-20 -1.4225208475e+01
-2.6002516800e+02 1.9325673954e-20 -1.3928539381e+01
-2.5763961600e+02 1.2963386176e-20 -1.3371459911e+01
-2.5525406400e+02 1.6161016997e-20 -1.2702713422e+01
-2.5286851200e+02 2.5776514980e-20 -1.2369785260e+01
-2.5048296000e+02 2.6365195501e-20 -1.2412877752e+01
-2.4809740800e+02 2.2566702903e-20 -1.3157599551e+01
-2.4571185600e+02 1.1885497598e-19 -1.4000314826e+01
-2.4332630400e+02 6.2148899167e-19 -1.4218957970e+01
-2.4094075200e+02 2.0822157053e-18 -1.4267744859e+01
-2.3855520000e+02 5.1694691545e-18 -1.4265869520e+01
-2.3616964800e+02 1.0289002022e-17 -1.4245749729e+01
-2.3378409600e+02 1.7019344781e-17 -1.4222742094e+01
-2.3139854400e+02 2.3682507410e-17 -1.4210855966e+01
-2.2901299200e+02 2.7650986083e-17 -1.4230975917e+01
-2.2662744000e+02 2.7022063104e-17 -1.4323245237e+01
-2.2424188800e+02 2.3649011764e-17 -1.4565575412e+01
-2.2185633600e+02 2.6082543185e-17 -1.5007528972e+01
-2.1947078400e+02 4.9444111656e-17 -1.5415784244e+01
-2.1708523200e+02 1.0888019986e-16 -1.5599295944e+01
-2.1469968000e+02 2.0499561010e-16 -1.5621518754e+01
-2.1231412800e+02 3.0493540718e-16 -1.5540984211e+01
-2.0992857600e+02 3.3681235652e-16 -1.5356391167e+01
-2.0754302400e+02 2.4793645361e-16 -1.4945981883e+01
-2.0515747200e+02 2.2978961454e-16 -1.3877834514e+01
-2.0277192000e+02 1.2410669389e-15 -1.2980040225e+01
-2.0038636800e+02 5.8458587270e-15 -1.2623704674e+01
-1.9800081600e+02 1.8994142231e-14 -1.2417139191e+01
-1.9561526400e+02 4.7774406480e-14 -1.2261394199e+01
-1.9322971200e+02 9.8868573161e-14 -1.2127225296e+01
-1.9084416000e+02 1.7324426175e-13 -1.2001524198e+01
-1.8845860800e+02 2.5988117697e-13 -1.1874953698e+01
-1.8607305600e+02 3.3308339683e-13 -1.1736877371e+01
-1.8368750400e+02 3.5911152689e-13 -1.1569566843e+01
-1.8130195200e+02 3.1608228139e-13 -1.1333600936e+01
-1.7891640000e+02 2.2745404809e-13 -1.0923236669e+01
-1.7653084800e+02 2.0711701672e-13 -1.0159079883e+01
-1.7414529600e+02 5.1529923258e-13 -9.4011989763e+00
-1.7175974400e+02 1.6277745861e-12 -9.0005783318e+00
-1.6937419200e+02 4.3218749811e-12 -8.7770711528e+00
-1.6698864000e+02 9.7765445759e-12 -8.6270769877e+00
-1.6460308800e+02 1.9665427703e-11 -8.5129303788e+00
-1.6221753600e+02 3.6189456308e-11 -8.4189615300e+00
-1.5983198400e+02 6.1955989784e-11 -8.3373690221e+00
-1.5744643200e+02 9.9588423281e-11 -8.2632706838e+00
-1.5506088000e+02 1.5096998600e-10 -8.1924219245e+00
-1.5267532800e+02 2.1609115585e-10 -8.1197346077e+00
-1.5028977600e+02 2.9158716033e-10 -8.0379307911e+00
-1.4790422400e+02 3.6940957980e-10 -7.9358173627e+00
-1.4551867200e+02 4.3734968339e-10 -7.7953212144e+00
-1.4313312000e+02 4.8659727833e-10 -7.5862552525e+00
-1.4074756800e+02 5.3848254934e-10 -7.2635967955e+00
-1.3836201600e+02 7.1251375522e-10 -6.8064367015e+00
-1.3597646400e+02 1.3649406628e-09 -6.3216268902e+00
-1.3359091200e+02 3.3160997564e-09 -5.9499158167e+00
-1.3120536000e+02 8.1330668184e-09 -5.6989456779e+00
-1.2881980800e+02 1.8330831697e-08 -5.5262861479e+00
-1.2643425600e+02 3.7239355746e-08 -5.4018972081e+00
-1.2404870400e+02 6.8269885492e-08 -5.3101918824e+00
-1.2166315200e+02 1.1354685563e-07 -5.2440840117e+00
-1.1927760000e+02 1.7239325314e-07 -5.2015214100e+00
-1.1689204800e+02 2.4077039998e-07 -5.1839920561e+00
-1.1450649600e+02 3.1305646567e-07 -5.1957908921e+00
-1.1212094400e+02 3.8706929788e-07 -5.2426664118e+00
-1.0973539200e+02 4.7183369750e-07 -5.3276558347e+00
-1.0734984000e+02 5.9556132748e-07 -5.4425056496e+00
-1.0496428800e+02 8.0958729493e-07 -5.5607478079e+00
-1.0257873600e+02 1.1843882681e-06 -5.6464962883e+00
-1.0019318400e+02 1.7988165596e-06 -5.6739562913e+00
-9.7807632000e+01 2.7350068709e-06 -5.6339973431e+00
-9.5422080000e+01 4.1064200829e-06 -5.5277190243e+00
-9.3036528000e+01 6.1550759520e-06 -5.3619504511e+00
-9.0650976000e+01 9.4408867473e-06 -5.1507030464e+00
-8.8265424000e+01 1.5102097502e-05 -4.9162112757e+00
-8.5879872000e+01 2.5104415294e-05 -4.6825842111e+00
-8.3494320000e+01 4.2358767448e-05 -4.4660351977e+00
-8.1108768000e+01 7.0623825468e-05 -4.2717203714e+00
-7.8723216000e+01 1.1423659000e-04 -4.0975720282e+00
-7.6337664000e+01 1.7788050401e-04 -3.9390863936e+00
-7.3952112000e+01 2.6669214670e-04 -3.7921491759e+00
-7.1566560000e+01 3.8691493283e-04 -3.6541792876e+00
-6.9181008000e+01 5.4701468727e-04 -3.5243722019e+00
-6.6795456000e+01 7.5879182755e-04 -3.4034217017e+00
-6.4409904000e+01 1.0377351037e-03 -3.2928436728e+00
-6.2024352000e+01 1.4017628487e-03 -3.1940585118e+00
-5.9638800000e+01 1.8675455973e-03 -3.1075203345e+00
-5.7253248000e+01 2.4437497653e-03 -3.0321776216e+00
-5.4867696000e+01 3.1210155967e-03 -2.9653553719e+00
-5.2482144000e+01 3.8598889934e-03 -2.9029075437e+00
-5.0096592000e+01 4.5808064651e-03 -2.8393423188e+00
-4.7711040000e+01 5.1641865669e-03 -2.7675681830e+00
-4.5325488000e+01 5.4718205152e-03 -2.6778323052e+00
-4.2939936000e+01 5.4003498613e-03 -2.5552091507e+00
-4.0554384000e+01 4.9719507417e-03 -2.3749555556e+00
-3.8168832000e+01 4.4574174587e-03 -2.0988858440e+00
-3.5783280000e+01 4.5162205849e-03 -1.6997335132e+00
-3.3397728000e+01 6.3304889373e-03 -1.2489496237e+00
-3.1012176000e+01 1.1706043943e-02 -8.8528359671e-01
-2.8626624000e+01 2.3110720071e-02 -6.4201903579e-01
-2.6241072000e+01 4.3614325275e-02 -4.8250444039e-01
-2.3855520000e+01 7.6685603221e-02 -3.7324324818e-01
-2.1469968000e+01 1.2579694148e-01 -2.9438741290e-01
-1.9084416000e+01 1.9380220617e-01 -2.3475604601e-01
-1.6698864000e+01 2.8210324343e-01 -1.8781623469e-01
-1.4313312000e+01 3.8971242635e-01 -1.4953184117e-01
-1.1927760000e+01 5.1243474231e-01 -1.1727442374e-01
-9.5422080000e+00 6.4248535365e-01 -8.9263315096e-02
-7.1566560000e+00 7.6885947876e-01 -6.4265279428e-02
-4.7711040000e+00 8.7862690839e-01 -4.1421637479e-02
-2.3855520000e+00 9.5903876972e-01 -2.0137429183e-02
0.0000000000e+00 1.0000000000e+00 0.0000000000e+00
2.3855520000e+00 9.9622959060e-01 1.9288995259e-02
4.7711040000e+00 9.4843928284e-01 3.7975680895e-02
7.1566560000e+00 8.6314454854e-01 5.6313471454e-02
9.5422080000e+00 7.5117371255e-01 7.4621683077e-02
1.1927760000e+01 6.2536399353e-01 9.3345067241e-02
1.4313312000e+01 4.9814484531e-01 1.1311801745e-01
1.6698864000e+01 3.7964078469e-01 1.3484157661e-01
1.9084416000e+01 2.7664808632e-01 1.5978975827e-01
2.1469968000e+01 1.9250440322e-01 1.8977712773e-01
2.3855520000e+01 1.2761978189e-01 2.2744780372e-01
2.6241072000e+01 8.0338696207e-02 2.7679719308e-01
2.8626624000e+01 4.7839085216e-02 3.4412414194e-01
3.1012176000e+01 2.6881988667e-02 4.3970745077e-01
3.3397728000e+01 1.4338636140e-02 5.8027562544e-01
3.5783280000e+01 7.5016488055e-03 7.8987184367e-01
3.8168832000e+01 4.2247982676e-03 1.0864336000e+00
4.0554384000e+01 2.9425393590e-03 1.4371681434e+00
4.2939936000e+01 2.6128231449e-03 1.7503910338e+00
4.5325488000e+01 2.6168831667e-03 1.9705088677e+00
4.7711040000e+01 2.6426642957e-03 2.1067203269e+00
5.0096592000e+01 2.5734190077e-03 2.1861057282e+00
5.2482144000e+01 2.3970106557e-03 2.2309576506e+00
5.4867696000e+01 2.1435296761e-03 2.2572177589e+00
5.7253248000e+01 1.8504472564e-03 2.2766207654e+00
5.9638800000e+01 1.5484161840e-03 2.2981210401e+00
6.2024352000e+01 1.2587392378e-03 2.3284857956e+00
6.4409904000e+01 9.9511722898e-04 2.3725146987e+00
6.6795456000e+01 7.6562226920e-04 2.4331831855e+00
6.9181008000e+01 5.7381804519e-04 2.5118093193e+00
7.1566560000e+01 4.1946443595e-04 2.6082634581e+00
7.3952112000e+01 2.9939685086e-04 2.7212567598e+00
7.6337664000e+01 2.0870281780e-04 2.8487710703e+00
7.8723216000e+01 1.4191790717e-04 2.9886548953e+00
8.1108768000e+01 9.3905866995e-05 3.1393067377e+00
8.3494320000e+01 6.0282823224e-05 3.3002697217e+00
8.5879872000e+01 3.7472236217e-05 3.4725299280e+00
8.8265424000e+01 2.2585116482e-05 3.6583071921e+00
9.0650976000e+01 1.3290310675e-05 3.8600665480e+00
9.3036528000e+01 7.7423030020e-06 4.0784512042e+00
9.5422080000e+01 4.5503748490e-06 4.3093622209e+00
9.7807632000e+01 2.7440182404e-06 4.5419914349e+00
1.0019318400e+02 1.7073543434e-06 4.7606363898e+00
1.0257873600e+02 1.0872909936e-06 4.9501185002e+00
1.0496428800e+02 6.9882712434e-07 5.1002360772e+00
1.0734984000e+02 4.4916991561e-07 5.2063794496e+00
1.0973539200e+02 2.8923793230e-07 5.2684260778e+00
1.1212094400e+02 1.8890177560e-07 5.2908836727e+00
1.1450649600e+02 1.2707140023e-07 5.2842708907e+00
1.1689204800e+02 8.8615384451e-08 5.2646195333e+00
1.1927760000e+02 6.3364645234e-08 5.2488348760e+00
1.2166315200e+02 4.5275468505e-08 5.2490621992e+00
1.2404870400e+02 3.1346240605e-08 5.2709827345e+00
1.2643425600e+02 2.0435161769e-08 5.3161764121e+00
1.2881980800e+02 1.2229963914e-08 5.3857409477e+00
1.3120536000e+02 6.5538629452e-09 5.4840397002e+00
1.3359091200e+02 3.0565190218e-09 5.6244075845e+00
1.3597646400e+02 1.2039411182e-09 5.8430323937e+00
1.3836201600e+02 4.1190284864e-10 6.2329544157e+00
1.4074756800e+02 1.8369521195e-10 6.9057975240e+00
1.4313312000e+02 1.8056386109e-10 7.5549066521e+00
1.4551867200e+02 2.2000675116e-10 7.9131839262e+00
1.4790422400e+02 2.3244561129e-10 8.1036733469e+00
1.5028977600e+02 2.0998979859e-10 8.2161808448e+00
1.5267532800e+02 1.6751954633e-10 8.2880941756e+00
1.5506088000e+02 1.2130622463e-10 8.3367100212e+00
1.5744643200e+02 8.1377766227e-11 8.3716882275e+00
1.5983198400e+02 5.1360601025e-11 8.3993799804e+00
1.6221753600e+02 3.0867060719e-11 8.4243974714e+00
1.6460308800e+02 1.7829630052e-11 8.4502888454e+00
1.6698864000e+02 9.9592643501e-12 8.4800613984e+00
1.6937419200e+02 5.3881745991e-12 8.5168718495e+00
1.7175974400e+02 2.8100503751e-12 8.5650286919e+00
1.7414529600e+02 1.3946658174e-12 8.6315655753e+00
1.7653084800e+02 6.4466955389e-13 8.7293195272e+00
1.7891640000e+02 2.7019747584e-13 8.8842169209e+00
1.8130195200e+02 1.0218345815e-13 9.1518995316e+00
1.8368750400e+02 4.0592953184e-14 9.6237823043e+00
1.8607305600e+02 2.6466241741e-14 1.0242191286e+01
1.8845860800e+02 2.7185558540e-14 1.0708230587e+01
1.9084416000e+02 2.7673389143e-14 1.0986680312e+01
1.9322971200e+02 2.3801863583e-14 1.1171339133e+01
1.9561526400e+02 1.6943440590e-14 1.1319720059e+01
1.9800081600e+02 9.9076991132e-15 1.1464842251e+01
2.0038636800e+02 4.6552071152e-15 1.1636817185e+01
2.0277192000e+02 1.6852706351e-15 1.1888241399e+01
2.0515747200e+02 4.7417169003e-16 1.2357967470e+01
2.0754302400e+02 1.9730460006e-16 1.3224807653e+01
2.0992857600e+02 2.2196355189e-16 1.3937966603e+01
2.1231412800e+02 2.4451472470e-16 1.4292739216e+01
2.1469968000e+02 2.0092061467e-16 1.4495845146e+01
2.1708523200e+02 1.2614056057e-16 1.4620780405e+01
2.1947078400e+02 6.1513446058e-17 1.4666561901e+01
2.2185633600e+02 2.3837302303e-17 1.4566312110e+01
2.2424188800e+02 9.7231732223e-18 1.4178520983e+01
2.2662744000e+02 8.5142195978e-18 1.3674826703e+01
2.2901299200e+02 1.1040244469e-17 1.3460057849e+01
2.3139854400e+02 1.2460641564e-17 1.3445118329e+01
2.3378409600e+02 1.1590116932e-17 1.3514189657e+01
2.3616964800e+02 9.1462953968e-18 1.3619472097e+01
2.3855520000e+02 6.2770179522e-18 1.3740585335e+01
2.4094075200e+02 3.7978228843e-18 1.3867643308e+01
2.4332630400e+02 2.0316144407e-18 1.3995749360e+01
2.4571185600e+02 9.5215946670e-19 1.4123687457e+01
2.4809740800e+02 3.8123331209e-19 1.4254795407e+01
2.5048296000e+02 1.2399454669e-19 1.4400684776e+01
2.5286851200e+02 2.9775725395e-20 1.4594628882e+01
2.5525406400e+02 4.4876751383e-21 1.4954007081e+01
2.5763961600e+02 5.7802210743e-22 1.5876655746e+01
2.6002516800e+02 2.4845150272e-22 1.6768113276e+01
2.6241072000e+02 7.0347724783e-24 1.6208032406e+01
2.6479627200e+02 3.7123098206e-22 1.4420265273e+01
2.6718182400e+02 1.4063845538e-21 1.4483662357e+01
2.6956737600e+02 2.3258787031e-21 1.4565117550e+01
2.7195292800e+02 2.4804626871e-21 1.4639916287e+01
2.7433848000e+02 1.9062651066e-21 1.4702071802e+01
2.7672403200e+02 1.0835363368e-21 1.4741957838e+01
2.7910958400e+02 4.4265331856e-22 1.4734213654e+01
2.8149513600e+02 1.1952643641e-22 1.4592890390e+01
2.8388068800e+02 2.5415599378e-23 1.3995774533e+01
2.8626624000e+02 2.2582690138e-23 1.3147745453e+01
2.8865179200e+02 2.8819632823e-23 1.2927846062e+01
2.9103734400e+02 2.3775268579e-23 1.2998711914e+01
2.9342289600e+02 1.4422306413e-23 1.3257857473e+01
2.9580844800e+02 8.4640824971e-24 1.3726340671e+01
2.9819400000e+02 7.0740633282e-24 1.4298976073e+01
3.0057955200e+02 7.8408845866e-24 1.4757544280e+01
3.0296510400e+02 8.5164221634e-24 1.5094543362e+01
